1	14.623801,75.621788,greenwich,1,2
2	14.623801,75.621788,greenwich,2,2
3	14.623801,75.621788,greenwich,3,2
4	14.623801,75.621788,greenwich,4,4
5	14.623801,75.621788,greenwich,10,3
6	9.383452,76.574059,little venice,11,2
7	9.383452,76.574059,little venice,18,1
8	28.440554,74.493011,covent garden,16,1
9	28.440554,74.493011,covent garden,23,2
10	28.440554,74.493011,covent garden,34,3
11	28.440554,74.493011,covent garden,56,1
12	24.882618,72.858894,london bridge,87,1
13	16.779877,74.556374,camden town,67,1
14	16.779877,74.556374,camden town,54,4
15	16.779877,74.556374,camden town,54,4
16	27.085251,88.700928,hampstead,34,3
17	12.715035,77.281296,city of london,23,2
18	12.715035,77.281296,city of london,22,2
19	13.432515,77.727478,notting hill,98,3
